   0.00000000       0.00000000       60.0000000       70.0000000       0.00000000    
   2.60316563       2.98802638       60.0000000       69.9509964      0.100000001    
   5.20633125       5.87805271       60.0000000       69.8040009      0.200000003    
   7.80949736       8.67007923       60.0000000       69.5589981      0.300000012    
   10.4126625       11.3641052       60.0000000       69.2160034      0.400000006    
   13.0158281       13.9601316       60.0000000       68.7750015      0.500000000    
   15.6189947       16.4581585       60.0000000       68.2360001      0.600000024    
   18.2221603       18.8581848       60.0000000       67.5989990      0.700000048    
   20.8253269       21.1602135       60.0000000       66.8639984      0.800000072    
   23.4284935       23.3642387       60.0000000       66.0309982      0.900000095    
   26.0316601       25.4702663       60.0000000       65.0999985       1.00000012    
   28.6348248       27.4782944       60.0000000       64.0709991       1.10000014    
   31.2379913       29.3883190       60.0000000       62.9439964       1.20000017    
   33.8411598       31.2003479       60.0000000       61.7189980       1.30000019    
   36.4443245       32.9143715       60.0000000       60.3959961       1.40000021    
   39.0474892       34.5304031       60.0000000       58.9749985       1.50000024    
   41.6506577       36.0484238       60.0000000       57.4559937       1.60000026    
   44.2538223       37.4684525       60.0000000       55.8389969       1.70000029    
   46.8569908       38.7904778       60.0000000       54.1239929       1.80000031    
   49.4601555       40.0145035       60.0000000       52.3109932       1.90000033    
   52.0633202       41.1405334       60.0000000       50.3999939       2.00000024    
   54.6664810       42.1685524       60.0000000       48.3909950       2.10000014    
   57.2696457       43.0985794       60.0000000       46.2839966       2.20000005    
   59.8728065       43.9306107       60.0000000       44.0790024       2.29999995    
   62.4759712       44.6646271       60.0000000       41.7760010       2.39999986    
   65.0791321       45.3006554       60.0000000       39.3750038       2.49999976    
   67.6822968       45.8386841       60.0000000       36.8760071       2.59999967    
   70.2854614       46.2787132       60.0000000       34.2790108       2.69999957    
   72.8886261       46.6207314       60.0000000       31.5840111       2.79999948    
   75.4917908       46.8647652       60.0000000       28.7910194       2.89999938    
   78.0949478       47.0107880       60.0000000       25.9000168       2.99999928    
   80.6981125       47.0588226       60.0000000       22.9110260       3.09999919    
   83.3012772       47.0088425       60.0000000       19.8240280       3.19999909    
   85.9044418       46.8608704       60.0000000       16.6390305       3.29999900    
   88.5076065       46.6148987       60.0000000       13.3560333       3.39999890    
   91.1107635       46.2709312       60.0000000       9.97504044       3.49999881    
   93.7139282       45.8289528       60.0000000       6.49604416       3.59999871    
   96.3170929       45.2889786       60.0000000       2.91904449       3.69999862    
   98.9202576       44.6510086       60.0000000     -0.755950928       3.79999852    
   101.523422       43.9150467       60.0000000      -4.52893829       3.89999843    
   104.126579       43.0810699       60.0000000      -8.39993286       3.99999833    
   106.729752       42.1490936       60.0000000      -12.3689423       4.09999847    
   109.332916       41.1191254       60.0000000      -16.4359360       4.19999838    
   111.936081       39.9911575       60.0000000      -20.6009293       4.29999828    
   114.539238       38.7651825       60.0000000      -24.8639221       4.39999819    
   117.142403       37.4412231       60.0000000      -29.2249146       4.49999809    
   119.745567       36.0192490       60.0000000      -33.6839066       4.59999800    
   122.348732       34.4992676       60.0000000      -38.2409058       4.69999790    
   124.951897       32.8813095       60.0000000      -42.8958969       4.79999781    
   127.555054       31.1653366       60.0000000      -47.6488876       4.89999771    
   130.158218       29.3513489       60.0000000      -52.4998932       4.99999762    
   132.761383       27.4393921       60.0000000      -57.4488831       5.09999752    
   135.364548       25.4294281       60.0000000      -62.4958649       5.19999743    
   137.967712       23.3214417       60.0000000      -67.6408691       5.29999733    
   140.570877       21.1154938       60.0000000      -72.8838501       5.39999723    
   143.174042       18.8115082       60.0000000      -78.2248535       5.49999714    
   145.777191       16.4095612       60.0000000      -83.6638336       5.59999704    
   148.380356       13.9095917       60.0000000      -89.2008209       5.69999695    
   150.983521       11.3115997       60.0000000      -94.8358307       5.79999685    
   153.586685       8.61564636       60.0000000      -100.568817       5.89999676    
   156.189850       5.82167053       60.0000000      -106.399811       5.99999666    
   158.793015       2.92970276       60.0000000      -112.328796       6.09999657    
   161.396179      -6.02569580E-02   60.0000000      -118.355789       6.19999647    
   163.999344      -3.14822388       60.0000000      -124.480774       6.29999638    
   166.602509      -6.33419800       60.0000000      -130.703781       6.39999628    
   169.205673      -9.61816406       60.0000000      -137.024765       6.49999619    
   171.808823      -13.0001373       60.0000000      -143.443756       6.59999609    
   174.411987      -16.4800873       60.0000000      -149.960739       6.69999599    
   177.015152      -20.0580597       60.0000000      -156.575729       6.79999590    
   179.618317      -23.7340393       60.0000000      -163.288727       6.89999580    
   182.221481      -27.5079803       60.0000000      -170.099701       6.99999571    
   184.824646      -31.3799591       60.0000000      -177.008698       7.09999561    
   187.427811      -35.3499146       60.0000000      -184.015686       7.19999552    
   190.030975      -39.4178772       60.0000000      -191.120667       7.29999542    
   192.634140      -43.5838623       60.0000000      -198.323669       7.39999533    
   195.237305      -47.8478241       60.0000000      -205.624664       7.49999523    
   197.840454      -52.2097931       60.0000000      -213.023651       7.59999514    
   200.443619      -56.6697540       60.0000000      -220.520630       7.69999504    
   203.046783      -61.2276917       60.0000000      -228.115601       7.79999495    
   205.649948      -65.8836975       60.0000000      -235.808624       7.89999485    
   208.253113      -70.6376495       60.0000000      -243.599609       7.99999475    
   210.856277      -75.4896088       60.0000000      -251.488586       8.09999466    
   213.459457      -80.4396057       60.0000000      -259.475616       8.19999504    
   216.062622      -85.4875793       60.0000000      -267.560638       8.29999542    
   218.665802      -90.6335602       60.0000000      -275.743652       8.39999580    
   221.268982      -95.8775940       60.0000000      -284.024719       8.49999619    
   223.872162      -101.219543       60.0000000      -292.403717       8.59999657    
   226.475327      -106.659576       60.0000000      -300.880768       8.69999695    
   229.078506      -112.197540       60.0000000      -309.455780       8.79999733    
   231.681686      -117.833527       60.0000000      -318.128815       8.89999771    
   234.284851      -123.567566       60.0000000      -326.899872       8.99999809    
   236.888031      -129.399536       60.0000000      -335.768890       9.09999847    
   239.491211      -135.329498       60.0000000      -344.735901       9.19999886    
   242.094391      -141.357513       60.0000000      -353.800934       9.29999924    
   244.697556      -147.483521       60.0000000      -362.963989       9.39999962    
   247.300735      -153.707489       60.0000000      -372.225006       9.50000000    
   249.903915      -160.029480       60.0000000      -381.584015       9.60000038    
   252.507080      -166.449493       60.0000000      -391.041077       9.70000076    
   255.110260      -172.967499       60.0000000      -400.596130       9.80000114    
   257.713440      -179.583527       60.0000000      -410.249176       9.90000153    
   260.316620      -186.297485       60.0000000      -420.000183       10.0000019    
   262.919800      -193.109497       60.0000000      -429.849243       10.1000023    
   265.522949      -200.019501       60.0000000      -439.796265       10.2000027    
   268.126129      -207.027496       60.0000000      -449.841309       10.3000031    
   270.729309      -214.133514       60.0000000      -459.984375       10.4000034    
   273.332489      -221.337524       60.0000000      -470.225403       10.5000038    
   275.935669      -228.639526       60.0000000      -480.564453       10.6000042    
   278.538849      -236.039490       60.0000000      -491.001465       10.7000046    
   281.142029      -243.537567       60.0000000      -501.536560       10.8000050    
   283.745178      -251.133575       60.0000000      -512.169617       10.9000053    
   286.348358      -258.827545       60.0000000      -522.900635       11.0000057    
   288.951538      -266.619568       60.0000000      -533.729675       11.1000061    
   291.554718      -274.509583       60.0000000      -544.656738       11.2000065    
   294.157898      -282.497559       60.0000000      -555.681763       11.3000069    
   296.761078      -290.583588       60.0000000      -566.804810       11.4000072    
   299.364258      -298.767670       60.0000000      -578.025940       11.5000076    
   301.967407      -307.049591       60.0000000      -589.344910       11.6000080    
   304.570587      -315.429626       60.0000000      -600.761963       11.7000084    
   307.173767      -323.907654       60.0000000      -612.277039       11.8000088    
   309.776947      -332.483643       60.0000000      -623.890076       11.9000092    
   312.380127      -341.157684       60.0000000      -635.601135       12.0000095    
   314.983307      -349.929657       60.0000000      -647.410156       12.1000099    
   317.586487      -358.799713       60.0000000      -659.317261       12.2000103    
   320.189636      -367.767761       60.0000000      -671.322327       12.3000107    
   322.792816      -376.833740       60.0000000      -683.425354       12.4000111    
   325.395996      -385.997803       60.0000000      -695.626465       12.5000114    
   327.999176      -395.259796       60.0000000      -707.925476       12.6000118    
   330.602356      -404.619843       60.0000000      -720.322571       12.7000122    
   333.205536      -414.077789       60.0000000      -732.817566       12.8000126    
   335.808716      -423.633911       60.0000000      -745.410706       12.9000130    
   338.411865      -433.287903       60.0000000      -758.101746       13.0000134    
   341.015045      -443.039917       60.0000000      -770.890808       13.1000137    
   343.618225      -452.889923       60.0000000      -783.777832       13.2000141    
   346.221405      -462.837921       60.0000000      -796.762878       13.3000145    
   348.824585      -472.883972       60.0000000      -809.845947       13.4000149    
   351.427765      -483.028015       60.0000000      -823.027039       13.5000153    
   354.030945      -493.270020       60.0000000      -836.306091       13.6000156    
   356.634094      -503.610138       60.0000000      -849.683228       13.7000160    
   359.237274      -514.048096       60.0000000      -863.158264       13.8000164    
   361.840454      -524.584106       60.0000000      -876.731323       13.9000168    
   364.443634      -535.218201       60.0000000      -890.402405       14.0000172    
   367.046814      -545.950195       60.0000000      -904.171448       14.1000175    
   369.649994      -556.780212       60.0000000      -918.038513       14.2000179    
   372.253174      -567.708252       60.0000000      -932.003601       14.3000183    
   374.856323      -578.734253       60.0000000      -946.066650       14.4000187    
   377.459503      -589.858276       60.0000000      -960.227661       14.5000191    
   380.062683      -601.080383       60.0000000      -974.486816       14.6000195    
   382.665863      -612.400391       60.0000000      -988.843872       14.7000198    
   385.269043      -623.818420       60.0000000      -1003.29895       14.8000202    
   387.872223      -635.334473       60.0000000      -1017.85205       14.9000206    
   390.475403      -646.948486       60.0000000      -1032.50305       15.0000210    
   393.078552      -658.660522       60.0000000      -1047.25220       15.1000214    
   395.681732      -670.470581       60.0000000      -1062.09924       15.2000217    
   398.284912      -682.378601       60.0000000      -1077.04431       15.3000221    
   400.888092      -694.384644       60.0000000      -1092.08740       15.4000225    
   403.491272      -706.488770       60.0000000      -1107.22852       15.5000229    
   406.094452      -718.690796       60.0000000      -1122.46765       15.6000233    
   408.697632      -730.990845       60.0000000      -1137.80469       15.7000237    
   411.300781      -743.388855       60.0000000      -1153.23975       15.8000240    
   413.903961      -755.884888       60.0000000      -1168.77283       15.9000244    
   416.507141      -768.478943       60.0000000      -1184.40393       16.0000248    
   419.110321      -781.171021       60.0000000      -1200.13306       16.1000252    
   421.713501      -793.961060       60.0000000      -1215.96008       16.2000256    
   424.316681      -806.849121       60.0000000      -1231.88525       16.3000259    
   426.919861      -819.835205       60.0000000      -1247.90833       16.4000263    
   429.523010      -832.919250       60.0000000      -1264.02942       16.5000267    
   432.126190      -846.101318       60.0000000      -1280.24854       16.6000271    
   434.729370      -859.381348       60.0000000      -1296.56555       16.7000275    
   437.332550      -872.759277       60.0000000      -1312.98059       16.8000278    
   439.935730      -886.235474       60.0000000      -1329.49377       16.9000282    
   442.538910      -899.809509       60.0000000      -1346.10486       17.0000286    
   445.142090      -913.481445       60.0000000      -1362.81384       17.1000290    
   447.745239      -927.251526       60.0000000      -1379.62097       17.2000294    
   450.348419      -941.119507       60.0000000      -1396.52600       17.3000298    
   452.951599      -955.085693       60.0000000      -1413.52917       17.4000301    
   455.554779      -969.149719       60.0000000      -1430.63025       17.5000305    
   458.157959      -983.311768       60.0000000      -1447.82935       17.6000309    
   460.761139      -997.571838       60.0000000      -1465.12646       17.7000313    
   463.364319      -1011.92981       60.0000000      -1482.52148       17.8000317    
   465.967468      -1026.38574       60.0000000      -1500.01453       17.9000320    
   468.570648      -1040.93994       60.0000000      -1517.60571       18.0000324    
   471.173828      -1055.59204       60.0000000      -1535.29480       18.1000328    
   473.777008      -1070.34204       60.0000000      -1553.08191       18.2000332    
   476.380188      -1085.19019       60.0000000      -1570.96704       18.3000336    
   478.983368      -1100.13623       60.0000000      -1588.95020       18.4000340    
   481.586548      -1115.18042       60.0000000      -1607.03137       18.5000343    
   484.189697      -1130.32251       60.0000000      -1625.21045       18.6000347    
   486.792877      -1145.56250       60.0000000      -1643.48743       18.7000351    
   489.396057      -1160.90063       60.0000000      -1661.86267       18.8000355    
   491.999237      -1176.33667       60.0000000      -1680.33569       18.9000359    
   494.602417      -1191.87061       60.0000000      -1698.90674       19.0000362    
   497.205597      -1207.50269       60.0000000      -1717.57593       19.1000366    
   499.808777      -1223.23291       60.0000000      -1736.34302       19.2000370    
   502.411926      -1239.06091       60.0000000      -1755.20813       19.3000374    
   505.015106      -1254.98682       60.0000000      -1774.17114       19.4000378    
   507.618286      -1271.01111       60.0000000      -1793.23242       19.5000381    
   510.221466      -1287.13306       60.0000000      -1812.39136       19.6000385    
   512.824646      -1303.35303       60.0000000      -1831.64844       19.7000389    
   515.427795      -1319.67126       60.0000000      -1851.00366       19.8000393    
   518.031006      -1336.08716       60.0000000      -1870.45667       19.9000397    
   520.634155      -1352.60144       60.0000000      -1890.00793       20.0000401    
   523.237366      -1369.21338       60.0000000      -1909.65698       20.1000404    
   525.840515      -1385.92358       60.0000000      -1929.40417       20.2000408    
   528.443665      -1402.73169       60.0000000      -1949.24927       20.3000412    
   531.046875      -1419.63770       60.0000000      -1969.19226       20.4000416    
   533.650024      -1436.64172       60.0000000      -1989.23340       20.5000420    
   536.253235      -1453.74390       60.0000000      -2009.37256       20.6000423    
   538.856384      -1470.94385       60.0000000      -2029.60962       20.7000427    
   541.459595      -1488.24194       60.0000000      -2049.94482       20.8000431    
   544.062744      -1505.63806       60.0000000      -2070.37793       20.9000435    
   546.665894      -1523.13208       60.0000000      -2090.90894       21.0000439    
   549.269104      -1540.72412       60.0000000      -2111.53809       21.1000443    
   551.872253      -1558.41443       60.0000000      -2132.26538       21.2000446    
   554.475464      -1576.20264       60.0000000      -2153.09058       21.3000450    
   557.078613      -1594.08862       60.0000000      -2174.01367       21.4000454    
   559.681824      -1612.07251       60.0000000      -2195.03467       21.5000458    
   562.284973      -1630.15479       60.0000000      -2216.15381       21.6000462    
   564.888123      -1648.33496       60.0000000      -2237.37109       21.7000465    
   567.491333      -1666.61279       60.0000000      -2258.68604       21.8000469    
   570.094482      -1684.98889       60.0000000      -2280.09912       21.9000473    
   572.697693      -1703.46313       60.0000000      -2301.61035       22.0000477    
   575.300842      -1722.03516       60.0000000      -2323.21948       22.1000481    
   577.904053      -1740.70544       60.0000000      -2344.92676       22.2000484    
   580.507202      -1759.47339       60.0000000      -2366.73169       22.3000488    
   583.110352      -1778.33936       60.0000000      -2388.63477       22.4000492    
   585.713562      -1797.30347       60.0000000      -2410.63599       22.5000496    
   588.316711      -1816.36560       60.0000000      -2432.73511       22.6000500    
   590.919922      -1835.52588       60.0000000      -2454.93237       22.7000504    
   593.523071      -1854.78369       60.0000000      -2477.22729       22.8000507    
   596.126282      -1874.14001       60.0000000      -2499.62061       22.9000511    
   598.729431      -1893.59424       60.0000000      -2522.11182       23.0000515    
   601.332581      -1913.14624       60.0000000      -2544.70093       23.1000519    
   603.935791      -1932.79614       60.0000000      -2567.38794       23.2000523    
   606.538940      -1952.54443       60.0000000      -2590.17310       23.3000526    
   609.142151      -1972.39062       60.0000000      -2613.05640       23.4000530    
   611.745300      -1992.33447       60.0000000      -2636.03735       23.5000534    
   614.348511      -2012.37659       60.0000000      -2659.11646       23.6000538    
   616.951660      -2032.51685       60.0000000      -2682.29370       23.7000542    
   619.554810      -2052.75488       60.0000000      -2705.56885       23.8000546    
   622.158020      -2073.09131       60.0000000      -2728.94214       23.9000549    
   624.761169      -2093.52539       60.0000000      -2752.41333       24.0000553    
   627.364380      -2114.05713       60.0000000      -2775.98218       24.1000557    
   629.967529      -2134.68701       60.0000000      -2799.64917       24.2000561    
   632.570740      -2155.41553       60.0000000      -2823.41455       24.3000565    
   635.173889      -2176.24170       60.0000000      -2847.27783       24.4000568    
   637.777039      -2197.16553       60.0000000      -2871.23877       24.5000572    
   640.380249      -2218.18799       60.0000000      -2895.29810       24.6000576    
   642.983398      -2239.30762       60.0000000      -2919.45483       24.7000580    
   645.586609      -2260.52588       60.0000000      -2943.71021       24.8000584    
   648.189758      -2281.84204       60.0000000      -2968.06348       24.9000587    
   650.792969      -2303.25586       60.0000000      -2992.51440       25.0000591    
   653.396118      -2324.76831       60.0000000      -3017.06372       25.1000595    
   655.999268      -2346.37842       60.0000000      -3041.71094       25.2000599    
   658.602478      -2368.08643       60.0000000      -3066.45605       25.3000603    
   661.205627      -2389.89258       60.0000000      -3091.29907       25.4000607    
   663.808838      -2411.79663       60.0000000      -3116.24023       25.5000610    
   666.411987      -2433.79883       60.0000000      -3141.27954       25.6000614    
   669.015198      -2455.89893       60.0000000      -3166.41650       25.7000618    
   671.618347      -2478.09692       60.0000000      -3191.65161       25.8000622    
   674.221497      -2500.39307       60.0000000      -3216.98486       25.9000626    
   676.824707      -2522.78760       60.0000000      -3242.41626       26.0000629    
   679.427856      -2545.27954       60.0000000      -3267.94531       26.1000633    
   682.031067      -2567.86963       60.0000000      -3293.57251       26.2000637    
   684.634216      -2590.55762       60.0000000      -3319.29761       26.3000641    
   687.237427      -2613.34375       60.0000000      -3345.12061       26.4000645    
   689.840576      -2636.22778       60.0000000      -3371.04175       26.5000648    
   692.443726      -2659.20996       60.0000000      -3397.06104       26.6000652    
   695.046936      -2682.29004       60.0000000      -3423.17822       26.7000656    
   697.650085      -2705.46826       60.0000000      -3449.39331       26.8000660    
   700.253296      -2728.74438       60.0000000      -3475.70654       26.9000664    
   702.856445      -2752.11865       60.0000000      -3502.11768       27.0000668    
   705.459656      -2775.59082       60.0000000      -3528.62695       27.1000671    
   708.062805      -2799.16089       60.0000000      -3555.23413       27.2000675    
   710.665955      -2822.82886       60.0000000      -3581.93921       27.3000679    
   713.269165      -2846.59521       60.0000000      -3608.74243       27.4000683    
   715.872314      -2870.45923       60.0000000      -3635.64355       27.5000687    
   718.475525      -2894.42114       60.0000000      -3662.64258       27.6000690    
   721.078674      -2918.48145       60.0000000      -3689.73975       27.7000694    
   723.681885      -2942.63965       60.0000000      -3716.93506       27.8000698    
   726.285034      -2966.89575       60.0000000      -3744.22827       27.9000702    
   728.888184      -2991.25000       60.0000000      -3771.61963       28.0000706    
   731.491394      -3015.70215       60.0000000      -3799.10864       28.1000710    
   734.094543      -3040.25220       60.0000000      -3826.69580       28.2000713    
   736.697754      -3064.90015       60.0000000      -3854.38086       28.3000717    
   739.300903      -3089.64648       60.0000000      -3882.16406       28.4000721    
   741.904114      -3114.49072       60.0000000      -3910.04541       28.5000725    
   744.507263      -3139.43262       60.0000000      -3938.02441       28.6000729    
   747.110413      -3164.47314       60.0000000      -3966.10181       28.7000732    
   749.713623      -3189.61084       60.0000000      -3994.27661       28.8000736    
   752.316772      -3214.84717       60.0000000      -4022.55005       28.9000740    
   754.919983      -3240.18140       60.0000000      -4050.92139       29.0000744    
   757.523132      -3265.61328       60.0000000      -4079.39014       29.1000748    
   760.126343      -3291.14355       60.0000000      -4107.95752       29.2000751    
   762.729492      -3316.77197       60.0000000      -4136.62305       29.3000755    
   765.332642      -3342.49756       60.0000000      -4165.38574       29.4000759    
   767.935852      -3368.32202       60.0000000      -4194.24707       29.5000763    
   770.539001      -3394.24438       60.0000000      -4223.20654       29.6000767    
   773.142212      -3420.26440       60.0000000      -4252.26367       29.7000771    
   775.745361      -3446.38281       60.0000000      -4281.41895       29.8000774    
   778.348572      -3472.59863       60.0000000      -4310.67188       29.9000778    
   780.951721      -3498.91260       60.0000000      -4340.02295       30.0000782    
   783.554871      -3525.32471       60.0000000      -4369.47217       30.1000786    
   786.158081      -3551.83521       60.0000000      -4399.01953       30.2000790    
   788.761230      -3578.44312       60.0000000      -4428.66455       30.3000793    
   791.364441      -3605.14941       60.0000000      -4458.40771       30.4000797    
   793.967590      -3631.95361       60.0000000      -4488.24902       30.5000801    
   796.570801      -3658.85596       60.0000000      -4518.18848       30.6000805    
   799.173950      -3685.85596       60.0000000      -4548.22559       30.7000809    
   801.777100      -3712.95410       60.0000000      -4578.36084       30.8000813    
   804.380310      -3740.15015       60.0000000      -4608.59375       30.9000816    
   806.983459      -3767.44409       60.0000000      -4638.92480       31.0000820    
   809.586670      -3794.83691       60.0000000      -4669.35449       31.1000824    
   812.189819      -3822.32666       60.0000000      -4699.88135       31.2000828    
   814.793030      -3849.91455       60.0000000      -4730.50635       31.3000832    
   817.396179      -3877.60107       60.0000000      -4761.22998       31.4000835    
   819.999329      -3905.38525       60.0000000      -4792.05127       31.5000839    
   822.602539      -3933.26733       60.0000000      -4822.97021       31.6000843    
   825.205688      -3961.24731       60.0000000      -4853.98730       31.7000847    
   827.808899      -3989.32568       60.0000000      -4885.10254       31.8000851    
   830.412048      -4017.50195       60.0000000      -4916.31592       31.9000854    
   833.015198      -4045.77539       60.0000000      -4947.62646       32.0000839    
   835.618286      -4074.14722       60.0000000      -4979.03516       32.1000824    
   838.221436      -4102.61670       60.0000000      -5010.54150       32.2000809    
   840.824585      -4131.18457       60.0000000      -5042.14648       32.3000793    
   843.427673      -4159.84961       60.0000000      -5073.84863       32.4000778    
   846.030823      -4188.61328       60.0000000      -5105.64941       32.5000763    
   848.633911      -4217.47510       60.0000000      -5137.54785       32.6000748    
   851.237061      -4246.43457       60.0000000      -5169.54443       32.7000732    
   853.840210      -4275.49219       60.0000000      -5201.63916       32.8000717    
   856.443298      -4304.64844       60.0000000      -5233.83203       32.9000702    
   859.046448      -4333.90137       60.0000000      -5266.12207       33.0000687    
   861.649597      -4363.25342       60.0000000      -5298.51123       33.1000671    
   864.252686      -4392.70264       60.0000000      -5330.99756       33.2000656    
   866.855835      -4422.25049       60.0000000      -5363.58203       33.3000641    
   869.458923      -4451.89600       60.0000000      -5396.26465       33.4000626    
   872.062073      -4481.63965       60.0000000      -5429.04541       33.5000610    
   874.665222      -4511.48096       60.0000000      -5461.92383       33.6000595    
   877.268311      -4541.42041       60.0000000      -5494.89990       33.7000580    
   879.871460      -4571.45850       60.0000000      -5527.97510       33.8000565    
   882.474548      -4601.59375       60.0000000      -5561.14746       33.9000549    
   885.077698      -4631.82715       60.0000000      -5594.41797       34.0000534    
   887.680847      -4662.15918       60.0000000      -5627.78662       34.1000519    
   890.283936      -4692.58838       60.0000000      -5661.25293       34.2000504    
   892.887085      -4723.11621       60.0000000      -5694.81787       34.3000488    
   895.490234      -4753.74121       60.0000000      -5728.47998       34.4000473    
   898.093323      -4784.46533       60.0000000      -5762.24072       34.5000458    
   900.696472      -4815.28662       60.0000000      -5796.09912       34.6000443    
   903.299561      -4846.20605       60.0000000      -5830.05566       34.7000427    
   905.902710      -4877.22363       60.0000000      -5864.10986       34.8000412    
   908.505859      -4908.33936       60.0000000      -5898.26270       34.9000397    
   911.108948      -4939.55273       60.0000000      -5932.51318       35.0000381    
   913.712097      -4970.86426       60.0000000      -5966.86182       35.1000366    
   916.315186      -5002.27393       60.0000000      -6001.30811       35.2000351    
   918.918335      -5033.78174       60.0000000      -6035.85303       35.3000336    
   921.521484      -5065.38672       60.0000000      -6070.49512       35.4000320    
   924.124573      -5097.09082       60.0000000      -6105.23584       35.5000305    
   926.727722      -5128.89209       60.0000000      -6140.07422       35.6000290    
   929.330872      -5160.79150       60.0000000      -6175.01074       35.7000275    
   931.933960      -5192.78906       60.0000000      -6210.04541       35.8000259    
   934.537109      -5224.88477       60.0000000      -6245.17773       35.9000244    
   937.140198      -5257.07861       60.0000000      -6280.40869       36.0000229    
   939.743347      -5289.36963       60.0000000      -6315.73682       36.1000214    
   942.346497      -5321.75879       60.0000000      -6351.16309       36.2000198    
   944.949585      -5354.24609       60.0000000      -6386.68750       36.3000183    
   947.552734      -5386.83203       60.0000000      -6422.31006       36.4000168    
   950.155823      -5419.51514       60.0000000      -6458.03027       36.5000153    
   952.758972      -5452.29688       60.0000000      -6493.84912       36.6000137    
   955.362122      -5485.17676       60.0000000      -6529.76562       36.7000122    
   957.965210      -5518.15430       60.0000000      -6565.78027       36.8000107    
   960.568359      -5551.22949       60.0000000      -6601.89258       36.9000092    
   963.171509      -5584.40332       60.0000000      -6638.10303       37.0000076    
   965.774597      -5617.67432       60.0000000      -6674.41113       37.1000061    
   968.377747      -5651.04395       60.0000000      -6710.81787       37.2000046    
   970.980835      -5684.51172       60.0000000      -6747.32275       37.3000031    
   973.583984      -5718.07715       60.0000000      -6783.92480       37.4000015    
   976.187134      -5751.74023       60.0000000      -6820.62500       37.5000000    
   978.790222      -5785.50195       60.0000000      -6857.42383       37.5999985    
   981.393372      -5819.36133       60.0000000      -6894.32031       37.6999969    
   983.996460      -5853.31836       60.0000000      -6931.31396       37.7999954    
   986.599609      -5887.37402       60.0000000      -6968.40674       37.8999939    
   989.202759      -5921.52734       60.0000000      -7005.59717       37.9999924    
   991.805847      -5955.77832       60.0000000      -7042.88525       38.0999908    
   994.408997      -5990.12793       60.0000000      -7080.27197       38.1999893    
   997.012146      -6024.57568       60.0000000      -7117.75635       38.2999878    
   999.615234      -6059.12109       60.0000000      -7155.33887       38.3999863    
   1002.21838      -6093.76416       60.0000000      -7193.01904       38.4999847    
   1004.82147      -6128.50635       60.0000000      -7230.79785       38.5999832    
   1007.42462      -6163.34570       60.0000000      -7268.67432       38.6999817    
   1010.02777      -6198.28271       60.0000000      -7306.64844       38.7999802    
   1012.63086      -6233.31836       60.0000000      -7344.72119       38.8999786    
   1015.23401      -6268.45166       60.0000000      -7382.89111       38.9999771    
   1017.83710      -6303.68311       60.0000000      -7421.15967       39.0999756    
   1020.44025      -6339.01221       60.0000000      -7459.52588       39.1999741    
   1023.04340      -6374.43945       60.0000000      -7497.99023       39.2999725    
   1025.64648      -6409.96533       60.0000000      -7536.55273       39.3999710    
   1028.24963      -6445.58887       60.0000000      -7575.21338       39.4999695    
   1030.85278      -6481.31006       60.0000000      -7613.97168       39.5999680    
   1033.45593      -6517.12891       60.0000000      -7652.82764       39.6999664    
   1036.05896      -6553.04736       60.0000000      -7691.78271       39.7999649    
   1038.66211      -6589.06250       60.0000000      -7730.83496       39.8999634    
   1041.26526      -6625.17578       60.0000000      -7769.98535       39.9999619    
   1043.86841      -6661.38770       60.0000000      -7809.23389       40.0999603    
   1046.47156      -6697.69678       60.0000000      -7848.58008       40.1999588    
   1049.07458      -6734.10400       60.0000000      -7888.02441       40.2999573    
   1051.67773      -6770.60938       60.0000000      -7927.56641       40.3999557    
   1054.28088      -6807.21289       60.0000000      -7967.20703       40.4999542    
   1056.88403      -6843.91406       60.0000000      -8006.94531       40.5999527    
   1059.48718      -6880.71338       60.0000000      -8046.78174       40.6999512    
   1062.09021      -6917.61035       60.0000000      -8086.71582       40.7999496    
   1064.69336      -6954.60596       60.0000000      -8126.74805       40.8999481    
   1067.29651      -6991.69971       60.0000000      -8166.87891       40.9999466    
   1069.89966      -7028.89014       60.0000000      -8207.10645       41.0999451    
   1072.50281      -7066.18066       60.0000000      -8247.43359       41.1999435    
   1075.10583      -7103.56738       60.0000000      -8287.85742       41.2999420    
   1077.70898      -7141.05273       60.0000000      -8328.37988       41.3999405    
   1080.31213      -7178.63672       60.0000000      -8369.00098       41.4999390    
   1082.91528      -7216.31738       60.0000000      -8409.71875       41.5999374    
   1085.51843      -7254.09717       60.0000000      -8450.53516       41.6999359    
   1088.12158      -7291.97412       60.0000000      -8491.44922       41.7999344    
   1090.72461      -7329.94971       60.0000000      -8532.46191       41.8999329    
   1093.32776      -7368.02344       60.0000000      -8573.57227       41.9999313    
   1095.93091      -7406.19434       60.0000000      -8614.78027       42.0999298    
   1098.53406      -7444.46387       60.0000000      -8656.08691       42.1999283    
   1101.13721      -7482.83105       60.0000000      -8697.49121       42.2999268    
   1103.74023      -7521.29639       60.0000000      -8738.99316       42.3999252    
   1106.34338      -7559.85986       60.0000000      -8780.59375       42.4999237    
   1108.94653      -7598.52100       60.0000000      -8822.29199       42.5999222    
   1111.54968      -7637.28027       60.0000000      -8864.08789       42.6999207    
   1114.15283      -7676.13770       60.0000000      -8905.98242       42.7999191    
   1116.75586      -7715.09277       60.0000000      -8947.97461       42.8999176    
   1119.35901      -7754.14551       60.0000000      -8990.06445       42.9999161    
   1121.96216      -7793.29688       60.0000000      -9032.25293       43.0999146    
   1124.56531      -7832.54736       60.0000000      -9074.54004       43.1999130    
   1127.16846      -7871.89404       60.0000000      -9116.92383       43.2999115    
   1129.77148      -7911.33936       60.0000000      -9159.40625       43.3999100    
   1132.37463      -7950.88281       60.0000000      -9201.98633       43.4999084    
   1134.97778      -7990.52344       60.0000000      -9244.66406       43.5999069    
   1137.58093      -8030.26270       60.0000000      -9287.44043       43.6999054    
   1140.18408      -8070.09961       60.0000000      -9330.31445       43.7999039    
   1142.78711      -8110.03564       60.0000000      -9373.28711       43.8999023    
   1145.39026      -8150.06885       60.0000000      -9416.35742       43.9999008    
   1147.99341      -8190.19971       60.0000000      -9459.52539       44.0998993    
   1150.59656      -8230.42969       60.0000000      -9502.79199       44.1998978    
   1153.19971      -8270.75684       60.0000000      -9546.15625       44.2998962    
   1155.80286      -8311.18262       60.0000000      -9589.61914       44.3998947    
   1158.40588      -8351.70508       60.0000000      -9633.17871       44.4998932    
   1161.00903      -8392.32617       60.0000000      -9676.83691       44.5998917    
   1163.61218      -8433.04492       60.0000000      -9720.59277       44.6998901    
   1166.21533      -8473.86328       60.0000000      -9764.44727       44.7998886    
   1168.81848      -8514.77832       60.0000000      -9808.39941       44.8998871    
   1171.42151      -8555.79199       60.0000000      -9852.45020       44.9998856    
   1174.02466      -8596.90234       60.0000000      -9896.59766       45.0998840    
   1176.62781      -8638.11230       60.0000000      -9940.84473       45.1998825    
   1179.23096      -8679.41797       60.0000000      -9985.18750       45.2998810    
   1181.83411      -8720.82422       60.0000000      -10029.6309       45.3998795    
   1184.43713      -8762.32812       60.0000000      -10074.1709       45.4998779    
   1187.04028      -8803.92871       60.0000000      -10118.8086       45.5998764    
   1189.64343      -8845.62793       60.0000000      -10163.5449       45.6998749    
   1192.24658      -8887.42578       60.0000000      -10208.3799       45.7998734    
   1194.84973      -8929.32129       60.0000000      -10253.3125       45.8998718    
   1197.45276      -8971.31348       60.0000000      -10298.3418       45.9998703    
   1200.05591      -9013.40527       60.0000000      -10343.4707       46.0998688    
   1202.65906      -9055.59375       60.0000000      -10388.6963       46.1998672    
   1205.26221      -9097.88086       60.0000000      -10434.0195       46.2998657    
   1207.86536      -9140.26758       60.0000000      -10479.4434       46.3998642    
   1210.46838      -9182.75000       60.0000000      -10524.9629       46.4998627    
   1213.07153      -9225.33105       60.0000000      -10570.5811       46.5998611    
   1215.67468      -9268.00977       60.0000000      -10616.2969       46.6998596    
   1218.27783      -9310.78711       60.0000000      -10662.1113       46.7998581    
   1220.88098      -9353.66113       60.0000000      -10708.0225       46.8998566    
   1223.48413      -9396.63477       60.0000000      -10754.0332       46.9998550    
   1226.08716      -9439.70703       60.0000000      -10800.1416       47.0998535    
   1228.69031      -9482.87598       60.0000000      -10846.3477       47.1998520    
   1231.29346      -9526.14355       60.0000000      -10892.6523       47.2998505    
   1233.89661      -9569.50781       60.0000000      -10939.0537       47.3998489    
   1236.49976      -9612.97168       60.0000000      -10985.5547       47.4998474    
   1239.10278      -9656.53223       60.0000000      -11032.1523       47.5998459    
   1241.70593      -9700.19141       60.0000000      -11078.8486       47.6998444    
   1244.30908      -9743.94922       60.0000000      -11125.6426       47.7998428    
   1246.91223      -9787.80371       60.0000000      -11172.5342       47.8998413    
   1249.51538      -9831.75684       60.0000000      -11219.5244       47.9998398    
   1252.11841      -9875.80859       60.0000000      -11266.6133       48.0998383    
   1254.72156      -9919.95801       60.0000000      -11313.7998       48.1998367    
   1257.32471      -9964.20410       60.0000000      -11361.0830       48.2998352    
   1259.92786      -10008.5498       60.0000000      -11408.4658       48.3998337    
   1262.53101      -10052.9922       60.0000000      -11455.9453       48.4998322    
   1265.13403      -10097.5332       60.0000000      -11503.5234       48.5998306    
   1267.73718      -10142.1729       60.0000000      -11551.1992       48.6998291    
   1270.34033      -10186.9102       60.0000000      -11598.9736       48.7998276    
   1272.94348      -10231.7451       60.0000000      -11646.8457       48.8998260    
   1275.54663      -10276.6787       60.0000000      -11694.8164       48.9998245    
   1278.14966      -10321.7100       60.0000000      -11742.8848       49.0998230    
   1280.75281      -10366.8379       60.0000000      -11791.0498       49.1998215    
   1283.35596      -10412.0645       60.0000000      -11839.3135       49.2998199    
   1285.95911      -10457.3906       60.0000000      -11887.6758       49.3998184    
   1288.56226      -10502.8145       60.0000000      -11936.1367       49.4998169    
   1291.16541      -10548.3350       60.0000000      -11984.6943       49.5998154    
   1293.76843      -10593.9541       60.0000000      -12033.3506       49.6998138    
   1296.37158      -10639.6709       60.0000000      -12082.1045       49.7998123    
   1298.97473      -10685.4863       60.0000000      -12130.9570       49.8998108    
   1301.57788      -10731.3994       60.0000000      -12179.9072       49.9998093    
   1304.18103      -10777.4102       60.0000000      -12228.9551       50.0998077    
   1306.78406      -10823.5195       60.0000000      -12278.1006       50.1998062    
   1309.38721      -10869.7266       60.0000000      -12327.3447       50.2998047    
   1311.99036      -10916.0312       60.0000000      -12376.6865       50.3998032    
   1314.59351      -10962.4346       60.0000000      -12426.1270       50.4998016    
   1317.19666      -11008.9355       60.0000000      -12475.6650       50.5998001    
   1319.79968      -11055.5342       60.0000000      -12525.3008       50.6997986    
   1322.40283      -11102.2324       60.0000000      -12575.0352       50.7997971    
   1325.00598      -11149.0283       60.0000000      -12624.8682       50.8997955    
   1327.60913      -11195.9209       60.0000000      -12674.7979       50.9997940    
   1330.21228      -11242.9111       60.0000000      -12724.8252       51.0997925    
   1332.81531      -11290.0010       60.0000000      -12774.9521       51.1997910    
   1335.41846      -11337.1875       60.0000000      -12825.1758       51.2997894    
   1338.02161      -11384.4727       60.0000000      -12875.4980       51.3997879    
   1340.62476      -11431.8555       60.0000000      -12925.9180       51.4997864    
   1343.22791      -11479.3359       60.0000000      -12976.4355       51.5997849    
   1345.83093      -11526.9160       60.0000000      -13027.0518       51.6997833    
   1348.43408      -11574.5918       60.0000000      -13077.7646       51.7997818    
   1351.03723      -11622.3672       60.0000000      -13128.5771       51.8997803    
   1353.64038      -11670.2412       60.0000000      -13179.4883       51.9997787    
   1356.24353      -11718.2109       60.0000000      -13230.4951       52.0997772    
   1358.84656      -11766.2803       60.0000000      -13281.6016       52.1997757    
   1361.44971      -11814.4473       60.0000000      -13332.8057       52.2997742    
   1364.05286      -11862.7129       60.0000000      -13384.1074       52.3997726    
   1366.65601      -11911.0762       60.0000000      -13435.5078       52.4997711    
   1369.25916      -11959.5371       60.0000000      -13487.0059       52.5997696    
   1371.86230      -12008.0957       60.0000000      -13538.6016       52.6997681    
   1374.46533      -12056.7529       60.0000000      -13590.2959       52.7997665    
   1377.06848      -12105.5078       60.0000000      -13642.0879       52.8997650    
   1379.67163      -12154.3594       60.0000000      -13693.9766       52.9997635    
   1382.27478      -12203.3125       60.0000000      -13745.9658       53.0997620    
   1384.87793      -12252.3613       60.0000000      -13798.0518       53.1997604    
   1387.48096      -12301.5078       60.0000000      -13850.2354       53.2997589    
   1390.08411      -12350.7529       60.0000000      -13902.5176       53.3997574    
   1392.68726      -12400.0957       60.0000000      -13954.8975       53.4997559    
   1395.29041      -12449.5361       60.0000000      -14007.3750       53.5997543    
   1397.89355      -12499.0742       60.0000000      -14059.9502       53.6997528    
   1400.49658      -12548.7129       60.0000000      -14112.6260       53.7997513    
   1403.09973      -12598.4482       60.0000000      -14165.3975       53.8997498    
   1405.70288      -12648.2812       60.0000000      -14218.2676       53.9997482    
   1408.30603      -12698.2119       60.0000000      -14271.2354       54.0997467    
   1410.90918      -12748.2402       60.0000000      -14324.3008       54.1997452    
   1413.51221      -12798.3672       60.0000000      -14377.4648       54.2997437    
   1416.11536      -12848.5928       60.0000000      -14430.7275       54.3997421    
   1418.71851      -12898.9150       60.0000000      -14484.0869       54.4997406    
   1421.32166      -12949.3359       60.0000000      -14537.5449       54.5997391    
   1423.92480      -12999.8555       60.0000000      -14591.1006       54.6997375    
   1426.52783      -13050.4717       60.0000000      -14644.7539       54.7997360    
   1429.13098      -13101.1875       60.0000000      -14698.5068       54.8997345    
   1431.73413      -13152.0000       60.0000000      -14752.3564       54.9997330    
   1434.33728      -13202.9111       60.0000000      -14806.3047       55.0997314    
   1436.94043      -13253.9199       60.0000000      -14860.3506       55.1997299    
   1439.54358      -13305.0264       60.0000000      -14914.4941       55.2997284    
   1442.14661      -13356.2314       60.0000000      -14968.7354       55.3997269    
   1444.74976      -13407.5352       60.0000000      -15023.0762       55.4997253    
   1447.35291      -13458.9355       60.0000000      -15077.5137       55.5997238    
   1449.95605      -13510.4346       60.0000000      -15132.0498       55.6997223    
   1452.55920      -13562.0312       60.0000000      -15186.6836       55.7997208    
   1455.16223      -13613.7256       60.0000000      -15241.4150       55.8997192    
   1457.76538      -13665.5195       60.0000000      -15296.2461       55.9997177    
   1460.36853      -13717.4102       60.0000000      -15351.1738       56.0997162    
   1462.97168      -13769.3994       60.0000000      -15406.1992       56.1997147    
   1465.57483      -13821.4863       60.0000000      -15461.3232       56.2997131    
   1468.17786      -13873.6709       60.0000000      -15516.5449       56.3997116    
   1470.78101      -13925.9541       60.0000000      -15571.8652       56.4997101    
   1473.38416      -13978.3350       60.0000000      -15627.2832       56.5997086    
   1475.98730      -14030.8125       60.0000000      -15682.7979       56.6997070    
   1478.59045      -14083.3896       60.0000000      -15738.4121       56.7997055    
   1481.19348      -14136.0664       60.0000000      -15794.1250       56.8997040    
   1483.79663      -14188.8379       60.0000000      -15849.9336       56.9997025    
   1486.39978      -14241.7090       60.0000000      -15905.8418       57.0997009    
   1489.00293      -14294.6777       60.0000000      -15961.8477       57.1996994    
   1491.60608      -14347.7441       60.0000000      -16017.9512       57.2996979    
   1494.20911      -14400.9092       60.0000000      -16074.1533       57.3996964    
   1496.81226      -14454.1719       60.0000000      -16130.4531       57.4996948    
   1499.41541      -14507.5332       60.0000000      -16186.8506       57.5996933    
   1502.01855      -14560.9922       60.0000000      -16243.3467       57.6996918    
   1504.62170      -14614.5488       60.0000000      -16299.9404       57.7996902    
   1507.22485      -14668.2041       60.0000000      -16356.6328       57.8996887    
   1509.82788      -14721.9561       60.0000000      -16413.4219       57.9996872    
   1512.43103      -14775.8076       60.0000000      -16470.3105       58.0996857    
   1515.03418      -14829.7549       60.0000000      -16527.2949       58.1996841    
   1517.63733      -14883.8037       60.0000000      -16584.3809       58.2996826    
   1520.24048      -14937.9492       60.0000000      -16641.5625       58.3996811    
   1522.84351      -14992.1914       60.0000000      -16698.8418       58.4996796    
   1525.44666      -15046.5332       60.0000000      -16756.2207       58.5996780    
   1528.04980      -15100.9707       60.0000000      -16813.6953       58.6996765    
   1530.65295      -15155.5078       60.0000000      -16871.2695       58.7996750    
   1533.25610      -15210.1426       60.0000000      -16928.9414       58.8996735    
   1535.85913      -15264.8750       60.0000000      -16986.7109       58.9996719    
   1538.46228      -15319.7051       60.0000000      -17044.5781       59.0996704    
   1541.06543      -15374.6357       60.0000000      -17102.5449       59.1996689    
   1543.66858      -15429.6611       60.0000000      -17160.6074       59.2996674    
   1546.27173      -15484.7861       60.0000000      -17218.7695       59.3996658    
   1548.87476      -15540.0088       60.0000000      -17277.0293       59.4996643    
   1551.47791      -15595.3311       60.0000000      -17335.3887       59.5996628    
   1554.08105      -15650.7490       60.0000000      -17393.8438       59.6996613    
   1556.68420      -15706.2646       60.0000000      -17452.3965       59.7996597    
   1559.28735      -15761.8809       60.0000000      -17511.0488       59.8996582    
   1561.89038      -15817.5938       60.0000000      -17569.7988       59.9996567    
